0012000100000000100000000000000000000000000100000000100100000000000000000000000000000000000000000000
0000000000000000200000000002000001000000000000000002120200000001010000000000000000000000000000000000
0000000001000001000200000000000000100000202200000001000002100000020100000000000000000100020000000000
0000000000020000002000020000000000000000000010000000200002000000002000000000000002021000000002001000
0000000000000200000000000002000000000000000000000012000001000000000000000000000000100000000000000200
0000000000100000000000000000001000002000100000002000000000000000010000000000200000000000010000000000
0000000001000000000000000000000000020000110000000000200000000000000000000000110000000002000000000000
0020000000000000000000000100200000200020001002000010002200000201000000000200000000000000000000000000
0021000000000020010000000001000000000002200000000000000000000110000000000002000000000000000000000000
0000001000000000000002000000000100000001000000000000000200000020010002000000000000000200000000100000
0000000000010000000100200000000000000000010010200000000000002000001000000000000000000020000000200000
0001000000000000000001200000000000000001000000000000000000000000000000000000000000002100000000000020
2000000001000010000000020000000000001000000000020000000000000000000100020000000000000000100000000100
0200000000022000000020001000002001000100000020020000001000000001020000002000000000000000000000000001
0010000000000000100000000020000000000100021000000000200002000000000000000200000000000000100000002000
0011100001000010000000000000020000000002010000000000002010000000020000000000000000000000000100200200
0000000000000020000002000000000000001001020000000000000000100000000000000000200000000000200010020000
0100020000000020000000000000000000000002001000000000200000020000002000010100002000000020010200002200
0010020000000010000200000000000020000001001000100001000001100200002000000000000000000200000000000000
0000022020000000002000002000200000000010000000020010010000000010000000000000000010200000000000000000
0000000000000000000000000020000000000000000000000002201000000000010000000000000000000002000000000020
0020000000010000010100010200000000000000200000000000010000000001010000000000000000002020010000000002
0102200000000000000000010000000202100000020000000000000000000000000000200000000000000000000000000000
0020002002000000000000000000001000000000000000000010000200000000000000001000000000000000000000200000
0001000000000000000000000020001000000000000000000000000000000000000010000002002000200000000000000020
0000000000110000000001000000000000000000001000000000000000000000000000000000010020000002000001000000
0000000000000200000200000000000000100000000000000000000001000010000000000000000020000020001000000000
0000000000200000100000001000000000000100220000000000000000000001000000000000000001001000000000000020
0000000200100000100000000000010002000000110000001000020000100000000000000000000000000011000000100020
0100000000000000001000000100200001000000000000000000000002000100000000000000000000000000000000000010
0000000001010010000000002000000000000000010020000000000000000000000000000000000020000000000000000100
0100000000000200000000000001000002000000000000000000000000000100000000200000000200002000000000000000
0000020000002000000000000000010000000000000000102000001000000010000000000010100000000000000000000002
0100100200000000000020000000000000000000002000000000000010100000000001000000002000012000000000000000
0000000000010020000000011000000000000002000100000000000000100000200002000000100000000000000000000020
0000000000000000000000000000000202000000000000000000010000000022000000200000000010020000000200000000
0000000100000000000000000000000000000010000000000000100000000000000000000001000000000000000000000000
0000000000000000100000000020000000000102200000000200100000000010000000002000000001000002000000000000
0000000000100000000000000101000100001000000000000000000000000000000000000010000000000002000000100000
0000000000000000000010000100000000000000020200100000000200000000000020000000000100000000000020000000
0020000200000020000000000000000001100000010000002000100000000200000020000020000010010000000001020000
0100202001000000000000000000000001200000000000000000000000000000000000000000000000000000000000000000
0002000000001000200001000010200002000000000100000000000000000000000000000020000000000020000000001000
0000000000000000000000020000000000010000000002000000000000000000000000000000000000001000000000000000
0000000000000000000000001000000000000000000000000000000000000000020020000000020002000000000000000000
0000000000000000000000000100000000000010000000000000000000000001000000000010000020000000200000000000
0010000000002000001001000000101000000000000000000000200000020000000000000000000000200000000210000020
0000000000200000000010000000200000000000000000000000000000000000000100000000000000000110000000000000
0200000000000000000000010000000000000200000002000000000000000000000100000010020000010001100000000001
2000000010002000000000000000000001000000000000000000000000000000000000020010102000000000000100000000
1000000000000000000020000000000010000000000000000000010000000100000100000000000000000000000200000000
0010000000000000000200000000010000000000000010020000000000001000000000200200000000000000000000000000
0000001000000020000020010002212000000020100000020002020220200000000000000000000000000000000000000001
0010000000000100000000000000000020100000000000001000000000000000000200000000000000000000000000000012
0000000000000000000000000000000000000000000000000000000000000000000000100000000020000000000000000000
0000000000000000200000000001000000002001200000000000000010000002000100002000000000002000100000200000
0000202200020000000010000000000000000000000000000000000000000000000000000000000000000000000000100000
0000000000000000100000000000000000000000020001000000000000000010010000000000001000000000100000000200
0000000100000000001010100000001020000000000010000000000020000020000000000000000000001000000000000000
0000000200000000100000002000100000000010010000000000000000200100100000000000110000000000000000000000
0000000000000020000000000000000000000200000000010000202000200000100000000000000001000000000000000000
2000000000000000000000002000000000002002000001020020000010000000000000000100000200000000000000000000
0000010000000000000000000000000101000000000000000000000000000000100000000000000000010000000000002001
1000020120000000000100000000000000020020000000200000000000000000000001000000000000001000000000000000
0020000000000010002000000020000000000001000000000000020002000000000001000012000010000200000000000000
0001000000000000000000000000000100000000020000000000000001000000000100000000000000100000000000001000
0002002100000000000000000000020000000000100000010020000000020201000000000000000000000000002000000000
0001000001000000000200000000000100000010000000100000202000000000000000000000000000000221000000100000
0000020200100210000200000000000000000202000200000000000000000100010100200002200000002000002100010000
0000002200000000000002000000000000002000010000010000000000000000000000000200020000000000010000001000
1000000002000000000000000000000210002002000020000000010002000100000000200000020000000000000000000200
0000000000000002000000001000000000000000001100000000012002000000102000000000000000010200000000001010
0000000000020000000000000000000000000001000000000002000002000200110020201000000000000000000100000000
0000000000000010000210000000000000000010200000000200000000000000000000000000002000000000000100000002
0000000000000000000000000000000020000000000000000000000020000000200000000002100000020000200002000000
0000000000000000020000000000100001000000112000001200000000000000000000000000020000000000000001100000
0000000000000000000000002000000000000000000000200200000010200000000000000000000020000000010000000000
0001000000000000000000000200001101100000000000000000100020000002010000010000000000000000000000000000
0000000000000000000000000000000000200010000001000000000000000000002000000000001200010020200010000000
0020000000000000000001000010000000000200000200000100000010000000000000000000000000000102200000000000
1001000200000000000000000000000000000000000000000021000000020010000002001000020000000000000000000210
0000000000000000000002000010001001020000100100000000100000000000000000000000000000000000000020000000
0000000000020010000001002000000000000000000200020002000000000000000000001000000000002000020000000002
0000000000002000000000000000000000001010000000220000000000000000000000200000000000020000000000000000
0000000000120001000002000000000001020000020000000000020000002000000010000000002000010000010010000100
2000001000100000000000000000002000000002000000000010000000000000000100001201002000000000002000100000
0000000000000000000000000200002201010100000020000000002000000000002010000000000000001000020001000200
0000000000000000000000120000022020000000100000000000010000000100100000000000000000000020000010000000
0000000000000000000000001000100000000002000000000000010000000000200002102200000000000200000000002200
0020002000010000100000000000000000020000000001000200012200000000000000001000000000000002000000000000
0000000000020000000000100000001000000000000000000000001000000001001200001000000000000000010000000000
0020020000000000010001002000000000020000000000000100000000000000020000100000000000102000000000000000
0011000020000020000000000000000000120000000000010010000000000000001000100001000000000000000000100000
2000000000022000000000000000002000000000000000100000000002110000000002000000000000200000000000011000
0000000000001000020000020000000000000020000100100000100000000000020000000010200000000000200000002000
0000000000000000000000000020000000000000000200100000000000000100100000010000000100000000000000000000
0000000000000000000000000001000001000000000000000200200000000002000000000000000000000000001000000000
0200000200000020002001002000001000000000000010010000001000000000000000000000000000001000000000000001
0000011000000000002000000000000100000000000001000000000000002000000000000000000000100000020000002001
0200000000000000000000002000000000000000000000000000000000020000200000100020000000200000000010000002