0002020000000100001000000000000200002200000000000000002000000001000000000020000020200000002000000000
0200001000000000000000000000000010000000000100000000000000000000000000100002000200000001000000020000
0020000002020000000000000100000000000000000011000000000000000002000000100000000100000000000000000010
0000000001010000002000000000002000000000002000200000000020000000000000000000010012000000000000000000
0101000000000001000000000000000002201000000020200000120000000002000200000020000000100000020000021020
2000000000100000000002100000002000000000001000001002000000000000020000000000000000000100001000000010
0000000000000000200000001000000020000200000000002000010000000000000000000000000000000000000000000000
0000000000100000000002000000000000000200000000000010010000000000000000000000000000000000000000000000
0000000200000000000020000000000010000000020000000000102000020100020002001000002200000000000000000010
0000202000002000010000001000000000000000020000010000000000000000000000100000200000000000010010000000
0000001200110000000000000000000000000000000000000100010000000200102002010000000000000002000000200000
0000000000020000000000000002000021000000000010000000000000000000200000000000000000102010000000000000
0000000002002000000001000000000010000000000000010000000000000000000000000001020010000000000000000000
0000000000220000100000000022000000000000000000000000002010000000010000000000000000000100010200000000
0200000200000000000000200001000000000100000000000020000000000000000000000100020000002000000000200000
0000000100000020000100000000000002000000200000000000000000000000000000000000000000010020000011100001
0200000000000000000000000000000000000000000000000100000000002002000000000000001000000100000000000000
0000000000000000100000000000000100000000000000002000000000020220000000002000220000000000020020001000
0000001000000000000000000000000000000000021020000000000000010100000020000010000000210000002000000000
0000020000000000002000000000101000000000001001010000000000000021020000000010000000000000000000000000
2200000000000000000000000010000000000000000000200000000000002000000000000000000000002000000001000201
0200000000000000200100001000000010000000000000000000000000000000000000002000002000000000002000000002
0000000000020000000200000000002000000000010020010000010100000000000100000012000000000000000000000000
0000020000000000000010000000000100001020000000000002000200000000001000000000000000010100010000000000
0000000000000000000100000000000002001000000100000000000000000000000000010010000000000000000000000001
0002000002000000020000000000000000000000000000000000000000020002020100000001000000000000100102000000
0001000000002200000000100000100000000000000000200000000000001000000000000000000121002000000000000000
0000000000000000000000000000000000000200000000000000000000000000000000000002000000000000200000000000
0200200000000000002000000000000000000000000000000000102000020001002000000001000001000000000002000002
0010000000200000020001000001000000000000000000000001000000002000010000000000002000000000000000100000
0000000000200000000002000000000000000200000000000000200002000000020102002001021000000201000000000000
0000200000000010010000020102020001000000000000000020000000000000000000002000000200210000012000000000
0200200000020000010000000000000200000000000000001000000200000000000000000002020000000020020000202000
0000000000000100000000000000000010000010001020000000000001100000000000002000000000000000000000010000
0000000000000000002000000000000000000020001000000101000000000100200000020000000000000000000020000100
0000000000000000022010001000000000000002000000000000000000002002002000000000000000000000000000000000
1000000000200000010000000000000000000000000000121200000000000010000000000000000000000001000000000000
0020000000200000000100000000000000200000000000000000000000200000202000000000000000000020000000000200
0002000000000001000001000000000200200000000000000000000020010000020000010000000000001020000011010000
0000000000000000000000000000001000010100000000000002100000000100000000001000000000000000000000000220
0000000020100000000000200000000000000000000001012000000000000000000000000000000100000000100000000000
0000000000121000000000000000000000200000000000000100000000000000000000000000100000000000000120210000
0000100000000000000000000010020020000010000000000000000000000010000002000000010000000020000000000020
0000000000200100000200010000020000200000000000000010000000000000001000000010010000000000000002000000
2002000000000000000000001000000000000020001000000002000002000000010000000000000000000000001000200000
0000001000110000102000000000000000022000100010200012000001000100010001000000000200000002000020200000
0000000000000020000000000000000010000020000000000000000000000000000000000120000000000000000000200000
0020120000000000000000000000220000000010000000000000000100002000001000000000000000000000000000000211
0000000000001200000000000001000000000010000010000001000000000000000002000000010000000000000000000102
0100000000000200000000001100000000000001000001000000000200000000000000000000000000020000000000000000
0000200000010002001000000001102000100000000020000000000000000000000200001000000000000000001000001000
0000020002000000000000001200000000000000010000010000000000000000010222000000020000010000000100100000
0000000000100000000010000011000000000000100100100000000000000000000000200000001100000000000000000000
0020000010200000000000002000000000000000000000000000000000100000000000000000000200000000000000000000
0100010000000000000000000000000000000000000001000002000000100001100010000000000000000000000000000000
0000000000000000001020000000001000000000000000000001000000100000000000000000000021000000010000000000
0000000000000000000000000000000000001001000000000200020000000000020000000001000000000000000200002200
0000100000001020000000000100001000000010000000000011000000000000010000020020000000010000000000002000
2000000000000200000000200000000000000000000200000012000200000020100000000000000000000200020000000000
0100200100000000000000000000000000000000000000000000100002000000000000000000100000000000020000000000
0000000000001000000000000000020000000000000000000002000000000000000000000000010000000000000000000000
0000020000000000000000010000200000001000002000200000000000000020000000000000000000000000010001000000
0000010000000000000000000000000020000010000000000000000000000000020010001000000000000000000000002000
0000000000000000000000000000000001102000020000000000000010000100000000000000000000000000000010000000
0000000000000000000000000000000000001200000000100002000020202000000000010000000000000000000000000000
0000002000000100000000000000000001002000000000010000000020120000001200010000000000100000000100000000
2000001000000000000000000002000000002000100000000002000000000000001000020000000000000000010000000000
0000102000000100000000000100002000100020002000000000000200000000000000010002000000000000010000000000
0000000000000000000000000000000000200000000000000000000000000000000000000000000210000000100000010000
0000000220000000000000000000000000000010000100000001100000000000000000000100000201001000000100000002
0000000000000000000000000000100001010010000000000000000000000000100000000000000000020000000000000000
0000000000000202000000010000000000000000000010000000200200000000020020002001000002000000000202000000
0010200200001001010000000000000000020020000020000000020020000000000200000000000000000000000000000000
0010000000000000200000000000000000000000000000000000000000010000002000000100000000000000000000000000
0000000000000000000000000100002000000000000000000001000000002000000000010100000000000000000000000000
1000001000020000000000000000000000000200100000000000000000000010200002000000000000000000000000000000
1000200000000000000000010000000000020000000000020000000111000000000000000000000000002000020000000001
0000000000020000010000100000110000020000010002010000000000000000000200002000000000000000002000000000
0000000000002000000000010000000200002000000220100001000000001000000200000200002000000000002000000200
0000000000002000000000000200000000000012000000000002000000110000220000010000000000000000000000100000
0021020000001000000000020000020000100002000000000000000000020002000000000000000000002000000000000010
0000000000000000100000000000000000000200000000000000000000000000020000020000000000000000100000000000
0000000000000010000000000000000000000000000000000000000200000000000000000000100010020000100002000000
0000200000200020200000000000002000000000100000000000000020000010002000000000000000100000000000120010
0000000001000000000000000000000000000000000000000000000002000000000000000000000010000000000000000000
0002000000000000002001000001000000200000020000000000000010100000000000000000000000000000000000000002
0000000000020000000000000200000001011000000000000000000000000100000000000000000000000000010000000002
0000000000000011000010000000000000000000000000200000000001020000000000000000000000102000000000100001
0000000001000000000000000000000002020000220000000000000000010000000000000000000001010001020000000000
0000010000000000000000000000100010200000020000000000200021000200000000000000000000000020000000000010
0000000000001011000002002000000011000002000110000000000000000000000000000000000010000000000000100000
0000000000000200000000000000000000100000100000000000000000100000000000001000000000000000000000100020
0000000000000000000000000001000000000000000000000001200001000000100000100000200000010000000002100000
0000010000000020000011000000000000000001000200000202000000000000020100020000000000000000000101000000
0000020000000000200100000000000000000000002000002020000000000000002000000000000001020000020000000000
0001000000000000000110000002000000000100000000000100011000000000000002000000010000001000000100010000
0000000000000020001000100000000000000000000020002000000000000000000000000000000002000000000000000000
0000020001000000120000020000000000000001002000010000000000000200000000001000000100200000100000000000
0000020000000000000002000001000000000002120000200000000001000000000000000000022200000000000000000200
0000001000000000000000000000001020000000000002110000000010000101000000001000000000000000001200020020